2401
6800
8800
2810
8800
2910
8800
2910
8800
6800
8800
2910
8800
2910
8800
2910
8800
6800
8800
2910
8800
2910
8800
2912
8800
2910
8800
2910
8800
290e
8800
2910
8800
6800
8800
2910
8800
2910
8800
2912
8800
2910
8800
2910
8800
290e
8800
2910
8800
6800
8800
2912
8800
2910
8800
2910
8800
2910
8800
2910
8800
2910
8800
2910
8800
6800
8800
2912
8800
2910
8800
2910
8800
290f
8800
2911
8800
2910
8800
2910
8800
6800
8800
2912
8800
2910
8800
2910
8800
2910
8800
2910
8800
2910
8800
2910
8800
6800
8800
2910
8800
2910
8800
2912
8800
2910
8800
2910
8800
290e
8800
2910
8800
6800
8800
2910
8800
2910
8800
2912
8800
2910
8800
2910
8800
290e
8800
2910
8800
